19286
8973
8501
15546
10218
5326
9341
5481
14306
6594
494
29911
24891
16821
9720
11039
26070
9087
8160
1659
27630
15127
7012
24725
752
17672
29102
29674
7764
27146
22618
1688
15651
18076
23058
28827
837
6937
6545
31199
14470
14802
27955
8277
1077
14149
18689
31307
21655
14528
5508
10436
10844
8488
1416
1864
13523
13284
20806
20474
32105
20302
12415
29849
19479
22825
33324
21684
2614
13193
13634
3054
31803
1701
10086
19018
22036
27768
32786
3511
16388
2351
10264
30774
1244
11856
11424
31693
23494
21007
20647
3170
32832
32440
31555
30463
11094
23024
11733
32336
3606
20696
12181
7718
16738
28048
9839
23837
1532
1295
27929
10960
2855
7379
2380
13407
13875
439
12247
100
25090
29750
13699
16660
24177
8732
19712
9172
18152
6813
17441
3498
9961
5574
4334
4493
27871
27403
10838
8382
15810
15462
26947
26535
25420
29835
3449
32179
28207
16905
7925
2209
14643
18624
9604
18183
19064
4784
4023
28666
16116
13648
24601
7691
2668
7136
17756
6776
29781
24498
28358
12291
32026
17268
29518
11384
11423
11851
26818
31694
19928
10263
32835
20640
29179
33207
2737
7069
16049
10602
11042
31583
31224
10174
1154
30464
21776
13061
32331
12186
20691
3601
10967
1947
5859
11880
20925
32750
12995
13400
21317
28389
2119
29757
17027
25730
18155
14695
19715
29336
17446
32608
914
566
16206
13558
28904
33048
27404
8354
18946
18534
26244
14553
23968
5573
26295
11909
14225
18242
8850
4837
19402
15465
27372
33099
28200
21539
16902
16570
6310
25855
4024
19063
18184
671
6771
25046
29021
7696
14301
5486
15933
15541
8974
28324
16826
7474
17214
25971
12938
493
3918
334
19147
15120
4100
18707
755
28745
16035
24722
24085
24054
28033
6123
29673
9051
18071
8611
6542
17910
7302
24392
16322
15590
19985
9842
23399
18862
9397
26360
11329
18129
11610
26659
8749
30932
10050
2165
12705
30121
10431
30686
31761
23914
20801
21594
21233
13956
28978
21545
13987
25829
12412
3395
3840
32102
18599
15419
22822
10347
30657
4439
10892
32911
8798
4058
22796
1706
14638
11166
26688
31476
31804
4513
15941
22908
1998
19554
18314
3518
6246
17266
6993
7406
24496
7874
2358
16381
28883
16854
5732
19692
27645
24750
28737
32449
6627
727
17607
17171
29601
28041
21778
16731
27133
8663
4604
5044
28852
21319
2389
6297
842
6942
14405
5382
18810
5425
10969
15245
8202
1949
10022
30532
10785
22092
1002
23175
17029
20060
29759
25099
32267
13137
16669
21187
11203
10443
27878
30153
28578
21241
33046
2904
7228
12316
3491
17448
568
17499
3440
2200
21537
21945
13220
24269
22385
30625
15819
11907
11575
24608
7698
13641
21156
3021
31404
31876
1774
10754
32054
3916
2483
24898
1231
18368
26418
5488
9348
20632
12682
26079
11030
1650
30416
4678
22611
10106
14018
32343
12653
20144
5459
23430
11327
9399
22270
33162
2820
21365
3212
12595
32722
13
29082
17055
28165
7192
8747
4720
18680
9107
23109
18127
28976
16274
24911
24563
13958
25484
29891
17434
26591
26236
18934
15865
27300
4390
19802
19470
1369
8822
14257
9210
31019
14982
29432
29840
25455
6362
7522
11168
9671
15076
19011
28613
17723
603
2484
3563
3911
23894
11824
11456
14308
1236
4568
30706
1591
15548
20635
4109
15129
31527
5749
23056
5798
26708
9058
1121
13014
2793
32344
27529
10560
11320
23437
18419
9439
17919
32725
21362
13475
2455
28162
7632
29722
29085
11619
5167
9100
31309
18687
15707
30549
17841
20808
25483
513
961
24564
8486
27471
4893
10438
8321
1418
14954
18541
18933
26596
5506
14985
5270
4430
8457
8825
27307
15410
24212
7282
16505
28275
17345
25452
10088
8036
27766
30598
8791
14196
14631
6704
16164
28614
9494
5881
26463
5354
15534
19921
15293
4514
4966
8901
21468
16386
7401
29511
32788
17261
12298
8112
19695
5092
9752
6620
720
21009
28730
24786
7716
2048
24021
13068
32338
12628
5043
9024
26774
18004
19644
437
6945
3269
6290
25200
12249
17517
7377
13409
19582
8205
19225
15242
27555
27927
5850
23839
18817
23172
1005
21180
17789
25739
30154
1464
10444
20874
2903
2571
13923
33090
21297
20370
12815
12467
32177
3447
6319
11572
22425
10495
1312
8859
12006
17758
32516
16118
28668
22044
10753
30243
22997
1575
22242
8999
5819
26889
23402
14839
29589
32710
25249
20517
3587
13440
24409
7499
31264
23063
11774
30383
13786
3641
20176
12661
25628
20600
12117
31512
28318
21421
13491
32066
31173
22946
10584
15044
27753
8003
9643
31838
25006
17711
28621
24646
9222
4405
15382
28240
24227
16942
16297
25467
985
32699
29400
6350
3378
526
25311
28291
33008
24923
4373
8314
27444
15353
19334
9926
14513
5294
16627
24130
28157
32229
3719
20789
12739
15095
27782
4712
8775
25235
20919
3989
6502
402
24807
28860
10529
22599
30039
18450
11369
14845
5417
7084
7723
25654
26741
27101
1168
4140
27677
22129
14087
5700
26790
9767
6615
7055
5361
9306
14341
23308
18326
4521
19566
22548
27216
4286
7846
7434
6274
29283
25543
12794
20083
32951
12033
33363
21164
13673
30276
4018
23196
11126
14678
31391
13212
20890
32142
20345
25869
31057
14219
11547
22410
1480
1451
23526
23954
9528
32193
20433
12324
12483
21273
2936
18169
26619
23147
10010
19729
1030
21612
13105
2125
32980
20052
24800
16365
28867
28415
25595
405
17525
5862
5410
18457
18825
14430
23479
8237
30799
29634
7083
27106
19676
23018
14051
18740
5707
31569
15167
10639
1619
24765
7052
6612
19913
27211
15974
8933
30748
1278
26451
5366
31108
18486
25544
29523
24304
16861
13674
33364
32283
23636
26168
11121
31396
31843
10761
20897
13215
22865
27349
11540
18279
31726
11591
23286
11236
14568
27398
10804
32633
20434
30507
30975
19089
10017
14109
3762
32987
20055
2122
21615
2685
23877
1572
22990
1900
21350
2467
479
10133
30423
31263
3646
16778
13026
28008
13781
24719
3130
29699
32400
20607
23712
30355
30880
10645
3551
20266
13496
21854
22294
22941
14603
5184
4063
19024
27754
28181
636
6091
25001
8817
15385
27492
19837
15422
1889
9225
26907
18205
257
6357
20499
3409
6882
25460
29407
7965
7517
16945
13269
16241
28531
28296
29371
953
521
18573
9921
5534
27831
32589
29710
20029
6040
24137
7600
16187
19752
4715
27785
15092
9695
14175
9132
30030
1972
19219
10520
22237
14399
9479
23805
11360
3255
54
12275
2867
31211
26748
23016
18038
30823
1161
19678
27108
21743
13054
32304
3193
20675
22120
8689
4149
30327
11077
26799
13343
21826
2363
85
17988
3523
5368
4528
19056
27081
15796
18616
14671
9636
5651
29014
644
28654
7104
16683
26975
5597
15822
1489
27347
4802
8865
8417
16937
24252
7917
29807
25412
3809
553
6821
25364
28543
16233
24956
30168
19894
1458
27396
27431
27843
5934
23288
9953
14566
18973
32989
29762
5127
26610
19087
30509
4767
27050
10019
17557
17925
12209
25240
25995
477
29580
28467
24400
7337
8990
27515
14442
23879
18425
5810
5462
26880
9877
28006
7756
25621
14023
5003
9064
8183
27174
4135
8152
4692
27602
19172
18095
18732
25157
17640
16000
21049
26384
8533
8941
27263
8294
13498
21428
301
20268
32556
20751
2626
33316
13606
21111
30203
10713
31443
31831
11153
2247
7519
2992
21902
16539
13267
32137
3875
20497
26909
8819
1887
19839
22313
10876
10404
30114
23553
11991
31754
6388
12884
2296
13963
28298
31492
31335
22772
30575
30907
2150
25779
32587
3710
32220
25992
6570
470
29220
26887
9870
18385
26352
14445
19262
8997
15205
27960
4582
10929
20178
7751
28001
21738
30858
4644
8184
19603
15664
9063
4132
8155
16007
7027
2779
33249
29137
17647
3139
6667
15901
27264
19514
8293
4921
8534
18354
14333
9374
29556
25943
25531
17226
306
24371
7834
7446
24648
28188
198
12041
32923
23643
31444
1734
32697
20337
12852
12420
3400
21577
2995
16299
2240
10375
1880
30665
23222
11947
31025
11292
23926
11243
30113
1423
27838
10403
33006
2536
28538
2291
21201
3376
6428
32646
20833
12356
29378
12090
149
3717
7609
16629
14439
26489
5419
31677
15279
10527
1507
4259
10280
2860
20565
29989
32762
30456
1166
12613
3633
2073
21795
33235
32807
9769
10197
19109
30487
3956
82
3283
16868
21821
1271
30741
8548
10251
26458
11863
11411
9631
23198
18611
15791
4016
30278
15036
27721
19051
29013
25074
8410
10309
26500
11549
17302
585
24980
16542
28232
24523
16234
7214
2938
14913
18506
18974
22368
8366
19893
692
25702
6035
135
19727
1799
4760
26617
18167
5120
9147
13975
2280
7279
2527
29369
32657
11252
1395
22305
1840
15899
20031
6058
21671
13166
30563
11194
31323
2630
28199
3070
12050
189
25019
20747
15848
31034
3411
12396
25478
12843
13271
21914
7036
24701
13748
6676
29126
5763
18724
14743
26054
4123
8144
19164
317
29547
25520
25952
24360
8525
8957
27275
9365
18890
14485
26847
8986
4593
27971
8253
16301
24416
7321
25256
3598
29231
461
813
25983
8195
19612
27162
15675
30849
4655
14035
14792
17120
20169
7740
5922
14902
26267
18965
22379
15330
24295
2929
28927
24532
13909
16225
17817
29315
8716
15751
27046
9156
5696
14111
18176
25713
683
17004
7664
28134
16644
24153
24625
24182
31429
15027
15780
4007
27097
8060
594
233
24244
16553
7573
28584
10318
15446
19853
4466
1338
8873
19386
31048
9241
5226
31903
9778
14098
22136
10186
22691
30331
13734
21023
2714
33224
20663
22557
27209
19579
8559
11400
29949
12967
21830
16879
13355
21334
13423
32773
20574
26498
14428
1964
20115
21755
30835
10157
15609
5069
31207
23000
27420
19885
1449
11229
14577
18962
5925
9530
9942
25375
20859
6442
6830
16222
24535
16585
7202
24292
14116
5691
18171
9151
10008
15756
30518
4776
28133
16643
28694
25714
29773
655
6755
17775
25062
7115
24185
28645
15787
8067
15020
11699
18607
14660
7574
24996
16554
24243
28224
6334
20888
29816
29464
12838
593
9246
5221
9993
18266
5586
26516
4813
4461
27883
19381
8406
22408
15833
27356
1606
4158
10181
30336
23771
32811
20664
5379
10992
1267
10247
13887
17999
20205
3295
12264
32774
13424
13856
13383
2876
21494
10531
22226
8228
30021
23814
18448
14388
21752
12605
22647
4189
27119
8649
6399
20457
33010
1435
10415
10867
31745
11255
23542
14979
3701
12086
25768
11193
11634
30916
10074
22763
22015
30212
31452
20740
32935
6729
13617
28639
7169
31794
11523
23234
1896
22806
1343
16528
21913
2256
24598
12844
248
29121
3688
29686
15104
4683
19163
9703
31978
5764
16802
16470
33199
13489
25527
310
26395
19502
8950
8254
4233
27504
15213
5801
14821
18846
466
29591
29236
13458
5012
26082
18055
4652
19615
7747
16767
25197
6107
3659
17680
17127
24949
20857
12495
20382
23530
1447
27389
20044
3773
10006
1781
30516
23180
8069
12782
20732
8408
19428
22406
22874
26518
5588
23246
18268
3464
32154
20353
2583
21961
21513
7043
28713
29153
5716
26786
14736
4156
27661
17242
29940
7422
16402
15965
14882
26440
26832
18834
9814
14386
5401
24811
16374
28876
2878
17946
17534
29991
17293
414
4187
19667
8647
23009
9007
17155
9542
18562
18910
26212
14977
19485
10869
24935
28520
6430
25307
6397
20459
4704
15083
15724
19743
9684
14164
12088
25766
33309
17707
25010
6080
180
32549
14612
5195
26105
12438
25803
32128
24231
7974
1898
15841
27324
8806
26564
14273
11014
31504
31976
1674
12101
20616
3686
3121
10235
22522
15919
4939
31165
18899
25529
3540
24369
13487
21390
33146
21341
16308
28478
37
6568
20973
3591
12216
23414
27978
10931
10543
22254
32367
6109
12677
7749
13790
21720
28019
30432
30840
22635
23075
19325
18565
14502
5285
9545
5522
6390
945
13509
28955
18104
14163
9124
2148
24686
29706
156
6056
3708
620
6720
20749
28197
7160
16140
8012
15055
9652
31829
26102
18672
7973
24591
16286
28251
16953
12398
241
6894
25476
29411
29863
26563
8801
8473
4414
19453
27323
15434
10653
17658
29128
33256
13746
16018
11800
23365
30722
22282
10595
22957
2307
7459
21842
21430
3935
3547
32077
29549
12211
29598
32701
3231
13451
22253
10544
1564
22986
14828
24079
3650
23072
31275
10125
22632
30392
1105
20422
17819
2927
33065
13575
21262
1832
8379
30170
11587
31097
23537
11220
2134
21603
32244
32991
31351
5698
23156
1786
27048
10001
15029
30267
14669
5649
20092
13662
14208
11924
5228
10316
22873
22401
19388
13203
21966
2223
25878
12831
20881
25133
29154
25694
16064
7044
8691
19116
8136
14096
26781
5711
9776
16877
25920
17245
17990
29292
26835
23319
14350
9317
4297
8925
22588
30028
10538
19201
9461
26331
14854
14426
6513
25583
20908
17533
16373
24816
28403
18787
14047
26750
1179
8640
27110
7732
7095
16712
6172
24203
16966
16514
7534
29856
25831
26556
18581
15401
19814
4421
8446
6715
615
17092
16175
7155
8027
26137
9667
9111
11608
8751
4736
19771
15716
7623
17043
8330
27460
11269
29887
20819
3889
7242
28512
28960
31240
26719
18069
31995
30400
1130
10110
22607
1697
12583
12224
2836
30061
8268
23381
31621
26378
11331
23426
11447
11835
5339
22962
10207
21877
13312
20245
10666
1646
30376
9098
14778
23731
11026
31536
11781
32384
20624
13773
33263
22393
30633
22434
19868
13591
7548
2216
16568
28218
32166
6308
25398
208
17328
20361
12476
12804
1762
30252
31860
11102
23615
29039
12017
20700
24168
21191
25728
11674
23163
30524
22084
1014
10793
12300
32610
13932
33050
2560
2912
8899
10827
22897
23502
5919
14072
9792
19655
27125
27682
24030
17167
25670
32329
15253
19593
8214
14413
23828
18806
11898
9454
6281
17974
854
28844
24451
33108
28391
16893
7410
28895
21479
16430
32799
20239
9485
11849
26800
26472
27595
4977
19542
731
29161
25106
7071
24746
21018
28721
27653
15144
15808
10324
22394
4828
30634
11564
11916
18988
31074
25438
20366
32161
17488
1765
13650
7689
24619
21147
2670
12010
32972
29799
20071
12766
7658
13681
2106
33391
21631
30951
30523
30284
22724
23164
11673
33057
2915
21985
21250
13935
13547
579
12307
31702
23505
18959
27869
15192
4615
12199
17160
5434
14866
18473
8213
15981
1958
24824
6953
17501
386
29507
29975
25560
20599
357
24320
16845
28347
7865
24487
28892
22919
4970
5897
9325
16056
2728
7076
33218
29166
12148
14703
9744
15143
27654
19683
29384
273
17886
29423
25836
7533
13998
8441
9201
18586
26551
24665
25782
9660
14627
26130
4047
8787
27006
15711
8756
5171
29093
28174
16604
14530
19317
27467
4350
28967
16265
24572
2969
17857
29355
505
977
6405
25495
29880
20155
32352
2785
10117
19189
5029
2443
2831
20946
32094
3203
20293
12584
32733
23421
14468
10904
1924
10200
1587
22517
11440
20997
2335
13315
9738
31531
11786
23091
18718
11021
15698
22176
27628
21063
12134
16913
21528
20368
25391
17486
26951
14234
9273
19413
8394
15474
8433
4454
3799
7687
19072
4792
26142
5675
9612
18144
26634
8724
8083
19704
21198
24161
13128
16676
28106
29746
25721
15302
8890
18957
26255
29480
12309
17457
33059
16217
16089
21767
13070
20680
32487
11725
1145
30475
32741
70
3271
20546
2431
2843
28398
24458
1956
10504
31654
5848
23821
23453
11344
31685
23482
19939
22565
8919
30762
16439
21470
2347
20230
12527
29509
3507
3975
32037
22104
11053
23744
31543
3166
32824
32456
2081
16058
7078
5268
11964
23201
4428
2263
25838
30227
10090
1717
22020
5609
20775
33332
2602
13622
21643
3093
20003
32204
23116
11601
9118
1061
8758
32665
979
21222
2515
10420
19319
30130
18559
11260
9579
18060
10119
19620
1139
19187
30409
28022
7772
17112
10578
4206
18873
18401
14814
31628
9853
23388
29203
17901
6553
821
24856
28831
16494
28492
28335
24352
25960
6582
29907
5330
26407
26875
8965
19290
4902
1589
15550
6644
25173
7004
28754
24733
4111
15131
27626
11788
9736
31298
19468
4388
22834
22446
10884
11963
26558
31001
9208
13991
31460
19009
27779
30220
8029
10097
21132
13625
2605
21695
4738
30556
10046
5178
11606
33022
24909
13532
13940
32662
3352
5519
23902
23570
22497
1407
10855
10427
30690
15640
17115
6692
24042
5833
11498
31188
14461
22268
27536
16493
7314
16334
13818
6926
25263
17574
485
25515
25967
28332
28495
7462
7810
19942
15557
30719
8510
27995
11449
9885
24734
7003
17663
743
6643
11028
18711
9096
5756
31538
19151
25431
29456
29824
7934
2218
24271
16914
4453
19866
15801
5213
14233
26524
33349
7127
667
17747
29037
5672
18635
8055
4032
15012
15764
27073
19703
8084
4744
8723
5104
14683
20078
17796
16671
14545
14937
26252
18285
5917
10829
27412
27860
15305
19362
22899
8342
24975
16210
21259
7230
25892
6470
20120
32327
3617
16729
16348
21301
13864
28438
2436
7368
29278
20933
12983
11896
15988
30765
1980
22910
11392
23485
23322
3972
12952
21477
2895
24329
30304
22103
33211
2721
32823
25108
18851
18423
26353
14836
18384
27961
19263
22998
1908
4224
8243
21358
24874
28461
28813
3588
17923
17551
29586
471
6571
27172
30859
9062
17130
20179
17697
6110
28000
33299
13789
7026
24711
25151
29136
5773
9714
19174
30888
4694
17580
32069
29557
29925
2319
16467
15900
5312
26382
18880
26857
33310
21117
32922
10374
1881
23584
31783
20491
3401
20336
12421
16298
13261
24228
16249
2537
12357
3377
10870
22315
15889
6048
12091
3716
28158
24698
7608
30573
11623
11184
13433
29988
3253
23471
4258
12612
2072
13052
4639
31217
23766
26038
18748
31561
31913
9768
19108
30486
8128
30321
22681
1611
33234
13083
21794
32474
22935
22547
4289
30740
11862
11410
18329
20212
29959
3957
16869
2365
24635
16685
24192
6742
11129
14677
5657
31439
19050
10769
30279
17303
223
24254
28594
7563
19431
8411
8863
30618
4476
1328
9251
9955
5540
26277
8367
22369
24285
2939
927
17807
25362
15741
1798
27056
5121
6034
25703
7674
28683
16654
20911
20563
32764
6978
21323
21484
33124
10521
22236
30796
10286
23804
13055
2075
3192
23017
31210
22657
10140
4199
19679
30822
30450
8659
30326
22686
8688
22121
10636
23761
33233
13723
11865
10982
4529
1277
15509
13897
21455
3285
12970
25939
84
17765
29015
7105
16125
4010
15030
22079
11689
5650
9637
23639
18617
28593
7916
7564
24253
25413
29474
5231
9256
26506
19391
27893
4803
15823
14567
9952
5935
25365
6820
920
16232
14106
26611
5681
11658
31348
27051
15746
8701
16653
7673
29763
6794
6033
15203
5811
5463
18856
476
6576
29226
12208
2468
13448
14785
26735
27175
24060
28007
6117
25187
29647
3698
29131
28771
19173
15114
4134
18733
18094
28310
20269
17220
17587
6200
26850
19512
8532
8940
4555
22005
1732
11152
31830
20750
12047
6739
2180
33317
23583
31023
28248
13266
7518
12854
17378
29408
258
6358
3874
12885
6389
33000
28299
24559
1857
11990
5949
11245
14969
21666
20026
23133
30574
10064
23478
26326
18456
4984
15271
22238
28866
28414
13848
16364
17956
25233
404
19677
15610
27107
5070
9017
29192
28075
7082
6613
25683
9761
11078
22688
15166
17987
372
6272
7840
24305
16412
30749
18487
9300
5367
11687
23637
15799
8079
27729
13675
21162
32957
3015
20085
32282
30611
22416
10301
27348
11933
32144
3474
2234
13214
21275
24959
32195
9289
5549
10477
30167
27399
20054
32986
21614
30506
19088
30974
11656
5128
2814
2466
28468
13834
13446
3226
478
32716
20511
12206
23404
11313
22991
22244
3647
32377
33290
21730
31262
31966
31514
22153
13751
33241
25158
3696
29698
32401
22940
4929
22295
11817
20267
12902
12570
17589
24379
21855
13609
24640
16157
190
3069
19025
19782
29406
12428
25461
6883
24221
24586
1888
19444
4403
8816
14263
9920
18572
28297
21209
24557
6852
25317
29370
8773
19753
27023
5154
32588
7601
16186
24136
20516
29588
32711
21356
24408
33151
2461
1906
5818
26888
13020
24069
21737
2000
20177
12660
3640
23062
10135
30857
1115
22154
30886
31513
23714
768
29138
17648
2776
21041
11810
11462
10585
30732
7449
13337
28319
20260
197
17710
9642
24581
16296
16531
6351
251
32698
5244
11948
26901
27494
15383
19831
27837
14960
23929
26205
5532
11999
9927
280
29377
3379
28537
13519
16247
7267
16992
14173
18114
9134
19754
27783
4713
13178
16181
24696
25771
12738
146
6046
1508
4256
8596
27561
4983
5416
9803
18451
6971
25234
7343
28413
28861
24474
18797
9010
8650
16702
6162
25655
29632
29144
6614
8681
10198
8126
23768
9766
16867
29525
25542
6275
17980
23309
14340
15500
15972
4520
8547
22070
1747
30277
11127
31845
31437
23197
32285
20725
32522
21165
23984
10306
22863
1326
19398
21504
2233
20344
12821
3305
20840
17809
13565
30160
19349
10470
10802
23280
11597
9529
23955
11230
2124
13104
20053
11651
30501
8708
22706
1796
11457
23340
14309
5329
23895
10217
21867
2322
25979
12930
3562
22161
31526
32841
13763
2035
2792
32345
31250
9059
5799
8619
30410
30862
27149
1687
19639
12593
20523
2454
21363
13806
1933
1541
15598
8278
22276
10913
10561
27528
19258
31631
11486
31196
26651
14146
1078
4726
30548
16613
28163
6073
173
29723
17053
10439
27802
4892
19300
31769
14527
26230
11279
17395
6860
25482
3899
20809
17432
7987
16272
28970
28502
28274
7524
25453
25821
12868
29434
3848
29393
18236
5271
19476
19804
25032
605
28615
16165
30599
22039
27767
8037
28350
21469
6240
340
895
25905
20229
29510
29962
26462
5880
26810
6621
6186
28731
24756
21008
27643
15154
5734
31928
26003
5093
18005
9782
5042
15622
4602
13069
2049
20699
27926
19224
19583
8204
26314
14871
9836
5851
29266
391
17964
6536
3268
28426
7376
24178
13696
12771
3751
22094
10783
20875
3497
20407
10837
1817
30155
23512
31063
8858
10494
1313
19878
22856
21296
13226
16578
12466
30242
22045
3027
32517
12007
3780
20710
28669
16119
21150
892
6992
25570
32029
28357
24330
13379
7407
15940
8907
27582
26465
9492
28736
2738
25111
6181
6626
32448
5094
18774
5733
8114
4605
15625
9022
26772
6150
16730
21779
14876
15991
16884
2388
6943
843
29261
32266
3756
6008
29758
20061
16668
22093
30533
31373
33047
21240
13557
569
3490
18949
23967
1810
22355
27879
22851
22423
30624
22384
1314
31064
12461
25428
3441
32171
21536
21944
13221
2201
21291
13586
23602
31405
10755
30245
7699
21157
3787
32510
8509
30700
1230
19529
27259
22975
1597
23892
26419
5489
20987
32055
29919
16829
11796
1651
27638
33274
2744
21073
32434
20633
12652
32342
31982
2821
20956
32723
20283
9398
14478
11326
5458
15238
22271
27288
27016
22748
15701
4721
23108
26656
25743
24103
18935
14952
5500
5972
15360
30689
19307
8327
24910
28977
2979
29345
29890
515
17896
29433
7523
16503
7284
4844
19471
15864
4391
5276
31018
11508
28612
24675
6702
25035
26687
9670
11169
18650
8797
27760
15077
23335
11422
31132
22907
19929
21812
28359
2357
29519
17269
12945
32027
10603
1623
30313
23754
12156
17608
728
13716
28738
21777
24029
13060
20690
3600
12620
32497
23785
22662
10175
3261
12994
32751
20556
398
12241
2853
1534
22203
14694
26624
18154
15773
28116
24171
13138
16666
17781
6006
32268
25731
29756
8355
4332
4495
27877
26990
23969
18535
6815
12319
17447
29337
28577
13559
24962
24510
16903
28201
7551
13588
25854
211
17496
26533
9263
27373
4444
8851
29020
3789
6770
21159
28660
19062
4025
18622
26152
31879
7475
28482
28325
20989
492
26865
5487
19280
1599
22509
32848
754
6654
29104
17674
16793
16034
31288
14761
31259
16742
7762
29672
6122
27953
10568
8271
27286
14804
9396
17563
6543
6931
831
28453
24434
24846
7303
20013
3724
32214
23106
26658
11611
18128
10051
4088
27018
30933
20472
20800
21232
13957
33035
21595
2977
19309
22327
10842
8329
1862
1410
11270
31016
18598
11974
14258
30656
22451
15418
10346
4059
30237
15079
8799
30590
26689
23670
14639
11167
20765
13195
2612
21682
25505
28322
7472
27250
19520
4915
19287
8972
8500
9340
31149
24724
16033
29103
25164
9086
26071
9721
19141
4106
22619
14010
6125
17105
24052
16745
5823
11488
9844
18416
8276
7304
28826
24841
13808
6936
836
17916
17564
3723
32213
3084
1076
4728
22741
10056
18688
11616
33032
13285
21592
7989
13522
3342
29899
5509
23912
11277
30127
1865
10845
4398
22456
22824
19478
1361
30651
23216
11973
29848
3393
32104
3846
18659
23677
31470
22037
1700
21122
13635
2615
33325
32565
32917
30775
1990
31135
23495
11857
23332
32020
12297
32787
25579
12942
16389
21815
24339
31554
23753
1624
30314
10604
22113
2731
13711
2096
32833
20646
25118
17179
29609
3607
20697
13067
24789
11732
31222
28428
2426
20923
12993
438
6538
3266
23444
1294
22204
30003
30948
26623
14134
26184
6001
101
28111
21628
13698
5907
5575
9512
27870
8352
4335
28902
25882
6460
17491
25421
21298
16576
4831
8856
27374
22858
8383
18991
9264
14584
26946
7137
13649
29780
6777
25040
18182
18625
4022
27715
3857
3382
12405
13245
21552
10885
27319
9209
26559
11510
3044
9668
14188
8028
22026
10731
19008
30586
30557
14159
5179
3095
13152
2172
10426
22331
4358
10381
1406
13533
7998
24908
21224
2513
3886
12373
3353
29888
17114
793
25603
29664
16754
27156
22608
15641
8606
4661
14001
23048
28445
13819
2839
25262
17907
6555
31189
5832
9427
9855
19247
27537
19992
8267
4200
1228
27994
30718
8511
15924
19943
9884
18371
29901
21878
28333
18710
11029
15690
8170
30379
24092
16785
16022
742
17662
25175
8392
19867
19415
14232
26957
18980
9275
29457
29825
25842
25430
17480
25397
6307
13239
7935
18193
27704
4794
30988
7681
2678
33348
17746
32508
666
6766
17797
25727
17030
29740
13689
33399
26195
26632
25893
3488
25346
5564
26986
5916
18523
22898
4483
27861
30801
23793
23034
11723
31594
20686
24798
16728
21761
9829
11342
30012
1950
21300
16349
6529
3277
17509
20540
29279
32796
12953
32031
3973
20591
24328
13361
2341
22911
15958
10274
1254
4978
31683
11846
31124
24749
21017
2720
6199
32450
23742
11055
10615
22102
1192
30305
18987
5215
18252
26950
26522
8432
8840
19412
8395
13599
7540
7932
33089
6300
29450
25845
4034
8053
19073
29796
29031
25056
24160
16677
2109
6017
14122
14685
9165
4742
12308
17824
25894
576
3328
28914
16216
8891
14931
14543
23978
26981
9504
18283
11724
11083
23794
30806
13071
2051
12631
30015
1957
14869
5849
20547
25219
6289
28399
24488
21803
6258
358
32791
31123
11394
23324
11841
10273
32825
3167
29169
12147
2727
7079
2080
30302
23745
13997
3422
11517
14249
22440
10357
1377
10882
30647
12063
3043
33333
15068
8788
10091
4048
22786
30226
14628
11176
31310
11600
8759
30550
27009
2175
3735
20002
30131
1401
10386
19318
10421
27468
9578
26228
23576
3354
12374
3881
17858
2966
2514
21223
13534
28784
5026
9041
31248
14006
19186
27151
10118
6920
6552
29202
7312
16332
19240
27530
15227
14467
11339
18400
9387
9883
23358
14311
26406
26874
9356
5331
15923
22518
19944
8964
8516
19291
16836
16444
28493
25961
25513
12928
3908
324
19157
27180
9090
26067
5750
17665
32859
6645
745
7005
32160
12802
12470
2210
21955
21527
13230
30192
15809
10325
18989
11565
33341
7688
21146
3796
12011
31866
31414
30254
10744
22725
10795
30522
23165
32277
25089
16679
21197
23976
31703
22344
10453
22891
1801
13934
33056
29328
17458
3326
29611
21768
7701
30808
26763
24825
24457
21309
28842
16895
29270
20549
6287
18800
18472
14415
14867
26302
9820
9452
5847
10979
27930
19595
8564
4503
27593
19544
27234
15523
15951
5343
9324
26474
20598
3508
32038
17276
28893
24486
7864
7416
28346
13368
16844
26015
5085
18765
33219
28080
2729
13709
737
25100
19460
15875
15407
4380
30649
14247
5267
9200
31009
25445
272
29385
28262
16512
24205
13999
26696
5606
27771
22788
1718
16173
29043
25783
165
7625
24112
28175
4730
9117
14150
2968
24573
24901
28966
6404
6876
976
17383
25333
9904
5963
5511
26226
14531
23578
10388
4884
1136
4668
30874
31246
31993
14008
32353
21714
9389
14469
11337
27299
4209
1557
30067
10905
2442
2830
33172
12585
32095
20947
3574
20996
21403
2493
21871
24888
7818
2334
19538
1586
23356
23883
21062
13775
33265
32382
32857
23737
18719
23090
31530
22177
27629
1640
15699
9207
26925
4420
19815
4387
15872
7535
16967
16515
3859
17880
8026
10098
19006
27776
25784
17093
17734
29044
25755
17042
29095
162
18130
14157
31319
15717
10049
27000
30559
29353
17851
17423
20818
3888
25334
6871
24574
16263
28513
28961
7243
27813
15376
4356
22498
30138
18551
14536
31778
23046
26718
5788
9048
10111
22606
1696
30873
13004
2783
21713
20153
32354
3664
22267
19249
15589
1550
1922
23380
12225
20940
32735
829
12582
20295
3205
21372
13817
2445
2494
32043
12553
20244
11446
22511
15558
20182
32850
20625
32385
33262
22170
23097
31945
31537
23730
14779
9099
33080
16569
12477
29459
3457
32167
23275
30632
10485
1302
29038
3036
32974
32506
28678
13656
2676
31413
11675
23162
10792
30957
30282
2100
13687
21637
24169
13120
12760
1806
1474
22896
5918
14938
11214
3321
3486
33051
2058
24031
28056
20688
25671
14073
26764
15194
8674
32749
855
6527
6955
25210
12259
380
2439
16892
7367
28390
13419
24450
27937
27545
9455
9827
11899
18475
18807
23829
14412
19931
27233
8563
15283
4976
28341
21478
28894
7411
7863
25566
20238
15145
8102
14705
5082
26012
18762
5725
31939
20659
25107
730
28720
2089
944
291
29366
7276
28526
16256
15343
9544
14503
2149
13169
25760
5142
26675
9682
15085
4702
15722
15054
27743
19794
8013
9653
31828
186
6086
20748
28631
28196
18212
14275
26910
11959
5255
15847
27485
4867
8800
8472
24237
16952
28250
7972
7500
29410
20329
25477
6895
12399
20610
12107
32865
3127
6679
28769
7039
31502
28308
21396
12914
20271
318
25288
26848
11473
23364
22956
30084
19978
30055
8989
5809
31615
14829
3230
33140
2802
21892
21347
31274
23073
30846
22194
10124
21081
33286
13031
21726
32361
25638
27428
10461
22376
15498
1833
18518
31096
31731
20423
3314
20384
13906
2554
1787
27049
30962
21602
2135
32533
32294
21174
1756
22061
31426
11691
23186
11136
14668
21515
21967
32152
3810
25879
14209
11925
30607
15449
10189
8137
27667
15170
8690
19117
14097
23779
25695
25132
28715
15963
19576
19904
7856
16404
16876
17991
29946
12968
17940
3999
29242
25582
860
7887
19200
15267
10539
8220
26330
14855
18440
26497
5407
9812
24004
25644
29623
29184
26751
9001
19661
11581
23531
31091
27388
15338
2921
24948
13901
30965
10007
15759
22710
23150
12752
13664
33374
12024
12783
23626
26178
31421
11696
22066
12837
12445
16929
24999
10310
19429
1330
18269
11550
11922
18750
9770
15177
10629
8697
1609
16062
24775
17622
17185
15964
19571
4944
1268
8923
8551
30758
18331
26833
18496
31118
9311
14883
5376
29533
25554
7384
21838
16871
28373
7355
28877
13859
16375
25585
6967
17947
18835
10299
19207
27577
27905
29183
25643
17154
28064
16714
7093
27116
23008
14041
21218
16984
296
29361
943
6843
14976
18563
9543
27453
19484
1848
4364
20039
25767
29700
24127
16630
24680
15725
27795
4705
15082
14165
26672
18102
5145
9654
5633
8014
19793
33308
24651
28636
25011
27482
4412
22809
19827
5252
26917
26565
32129
6347
3419
25470
25802
992
17367
2259
24597
16527
21057
24709
12100
23702
22142
17598
24368
21436
33196
10593
22284
15918
22951
30083
31164
23363
31612
10930
27979
22255
1910
22980
13825
21340
33147
7329
12217
29239
469
6569
30394
10123
30433
30841
31273
12676
29658
6108
28018
16768
7748
931
6831
17811
16223
28921
15491
27386
30178
8371
10468
27853
5924
23298
18963
14576
24155
16642
6022
29772
17002
25715
31359
5137
11649
26600
4777
8710
30519
22068
15786
23628
18606
9181
5641
25063
7114
23249
14200
15832
8875
4460
28582
25870
20889
3819
12172
32810
13732
21782
30490
8699
22130
15179
30337
23770
31577
31905
21836
13886
17998
3941
11406
22923
4538
10297
8229
19209
30787
11370
44
3245
13382
2877
33135
21332
30441
22646
21753
3624
12604
10414
10866
5958
298
25308
20824
3361
24548
13501
33011
28288
31482
23122
31325
23685
10075
1055
24129
3700
628
32546
17708
29078
2636
21101
30213
22014
28259
16529
13277
12390
32680
11522
23235
8809
1897
22475
8142
4125
19162
15105
27612
4682
26052
14745
29687
3689
17650
16010
7797
5304
26394
18896
9363
26841
27273
33198
24366
16803
25281
311
25526
29541
3
17935
12219
25250
38
29590
6915
25985
815
28477
28805
4595
27977
15212
4232
8255
14452
26890
16766
24071
25631
25196
17681
26724
14033
5013
14794
19614
4653
18918
15898
27828
2526
2954
33016
13974
6438
12893
17418
12346
11632
159
12080
3707
20797
32590
12727
28149
21106
28198
2631
6088
20746
31454
10704
30214
12842
25479
3862
21567
2250
22800
1890
30675
1345
23232
11525
31792
11282
18082
9705
30899
27615
7790
33259
7037
17657
25140
29127
3129
22958
4931
26846
26434
26393
5303
14484
18891
29934
17591
28306
21349
24417
6912
812
4
20509
18432
18840
26342
14827
4235
8987
17686
25191
25636
16761
21728
33288
4654
30848
8194
18053
26723
24294
29314
17816
9291
14571
14903
27426
19356
8376
25712
125
24152
7665
27047
5646
9621
31428
9186
18601
30268
15781
27096
16694
24183
28643
16133
24624
6753
653
25064
8872
30609
4467
4815
5227
9240
25405
595
7900
13092
2715
21022
32465
8139
30330
10187
1600
22690
30497
10620
22137
32004
3293
92
2374
7858
21831
19578
9318
31111
18338
11377
26499
10945
30780
1517
10290
30027
13850
7889
2870
21492
43
10156
30834
31206
3184
28672
16102
24615
662
29795
25055
5677
1769
15017
17484
6303
29821
30638
4456
22398
10328
15804
14591
26286
31078
9271
14236
26953
11568
18955
18527
14540
14932
26257
18280
26982
5912
27417
13939
7592
2919
29325
17827
17455
25342
575
6475
15761
27076
10798
8726
18146
26636
9166
14686
25723
21304
2841
20544
32743
12986
11893
1281
10974
3612
13072
2052
10167
22670
15639
27689
14079
23030
31541
18768
30301
1631
19128
27658
10611
22106
1196
33214
3164
32454
32826
20653
15289
22915
11397
26479
11430
18309
3505
32035
12957
12525
32792
21472
23662
31465
31817
1715
13187
32902
32570
15878
30644
10881
11966
31004
20316
25448
3421
29388
24208
13994
7249
2517
13945
25499
509
29359
17429
20460
20812
18929
1870
30132
10422
32206
6068
12716
20001
16608
28178
30921
22754
31313
18871
14816
14464
15583
1928
27294
19996
15224
10908
19243
24426
6551
451
32098
17571
17903
20538
19622
9042
14005
20159
25607
7770
21719
28020
13778
33268
24096
2758
17666
29116
3118
18714
9093
9734
15133
27183
12559
6227
32049
16447
24350
13319
24885
7815
22969
19292
27990
14312
18375
30585
31810
619
6719
32905
17739
29049
33337
31003
22444
7538
28268
21923
16518
13246
6378
278
12406
17358
29428
25339
20815
20467
3885
2962
2510
10857
30135
24118
3096
20006
12711
3731
31314
30926
27534
19244
4203
19991
14463
14811
5831
17576
24421
13468
28446
28834
7316
31999
26715
5785
14002
15642
19625
13009
2029
7777
790
25176
20628
17661
8173
9733
26063
14774
7812
7460
16440
6220
17200
487
25517
29902
23889
14315
11839
26402
5492
18372
9887
27997
19940
15927
17745
6765
665
29792
7682
15010
8057
26147
18190
28214
16564
25433
3828
26526
14596
9276
30198
8391
15471
1479
15307
27410
9972
5915
26250
14935
900
6800
20869
17452
16212
24977
9161
14126
4746
8721
27071
10038
7653
24164
17794
25083
75
3274
12981
6958
20543
2434
33104
13414
21303
2393
1953
1521
30011
10973
22216
19238
11894
18478
5398
20685
32482
12635
31597
11720
8679
27129
10160
19659
19688
11056
5728
20654
21014
13703
2723
9489
23487
11390
10277
13362
21475
20235
12522
3970
20592
32032
7157
2609
21699
24660
28607
32579
617
29047
14185
5602
18645
26135
8025
27775
19005
29381
29426
2268
7536
16516
28266
4851
4423
8836
27314
19816
9204
14996
26222
14947
14292
9572
8495
4880
4355
28962
16260
24905
13299
17852
29350
6400
29885
30928
26643
18694
3098
21648
13814
16338
24388
32091
12581
23856
23424
23383
11494
27948
30063
12647
32882
32357
28029
7779
22605
1132
31534
31293
11024
33261
20181
32386
12131
4909
1225
10205
22960
23352
3570
6589
13310
27709
4799
19079
30985
1760
8059
3792
32505
32977
22436
22844
19418
1301
10486
8438
11913
29828
3826
3454
33083
2214
7938
33052
21980
24979
13542
3322
20415
18289
11217
23972
1805
3743
20074
33394
22086
30281
10036
9824
23458
26306
19591
15984
1288
15251
16891
2848
28434
24821
24453
6956
6524
17976
29274
27680
9790
6145
25672
24795
7705
16725
28723
29163
6194
6633
18761
26011
11058
14706
9741
31548
5726
15146
19121
19686
30308
25565
352
21809
2899
7860
24482
7412
27230
15527
19540
4507
27597
18300
11439
31129
30257
23610
14659
32502
20705
3795
33342
13652
31076
11914
30636
15478
30191
21956
3453
12473
12801
25848
17829
20860
6809
28919
21987
2565
2917
10822
22347
22892
1470
23975
23507
31700
21633
14688
9168
31361
19708
30286
27078
30953
30018
19596
15983
384
6284
17503
17971
20938
851
24454
24826
26760
11729
18010
5057
10169
27687
1149
16722
24792
25675
32828
29164
17614
25103
4161
19681
15141
19126
5721
23748
7415
16847
355
29977
12959
11399
26805
27590
4500
15952
19547
20779
16170
18642
26132
9662
31819
26695
24206
29853
20318
29386
271
6371
14244
11968
4856
8831
8443
19315
4887
27465
15372
14295
5960
14532
26225
975
6875
17855
17427
29357
33029
7247
7992
24570
5173
9114
2178
7626
28176
16606
13158
166
29091
32208
25751
29736
32731
20944
32096
13813
19998
1926
10574
10906
23851
24049
2787
32350
12640
6699
31245
31990
30405
1135
22602
1643
20186
12691
13776
21061
24098
7008
11830
22967
10202
19949
2490
28339
29579
20240
20995
28698
21606
2696
13111
25718
31881
23153
1024
20380
20855
12330
2550
33060
13902
1837
30175
19889
10817
11582
14909
23991
10313
1494
13206
20351
17318
12446
12834
29468
17779
20730
29009
20097
32945
32537
21170
33377
21449
7387
7420
7852
25557
3299
17240
360
26442
14355
5375
19572
21028
27663
18753
5714
18782
4622
4185
15602
7737
2069
24000
7090
32319
3629
17157
25640
15263
8583
9816
26493
5871
14851
14423
32778
416
25586
17291
3248
17536
2408
16376
24813
28874
31328
27031
1058
15081
30568
16633
7613
6053
10419
15347
4367
1439
30109
26210
5280
9932
29362
17860
6432
940
532
24545
28950
7272
16987
28981
24594
24233
16956
3868
25801
25473
5251
9236
5984
8804
8476
4863
27481
19456
22478
15843
32939
182
17705
29075
28192
24652
26107
18677
11805
14329
1217
22287
30080
22952
15569
21392
13485
33195
13322
12910
20275
30346
1676
18088
31974
14748
20614
33253
2763
13743
21054
13035
3655
18059
26729
10120
22637
22190
17938
3593
20503
6918
25988
818
2806
2474
27508
23416
27791
15086
27036
18106
31488
154
29704
7614
16193
24123
16634
28144
5287
14972
4360
22309
27825
27457
19327
16980
7275
16255
24542
13979
29365
292
17867
6896
25806
17363
16523
16284
7503
24593
15844
27321
30678
8803
1348
5983
14276
9596
18211
9231
31038
24655
7162
185
6722
5637
31459
19030
10709
15057
8010
30219
19797
27279
10230
22955
22280
23367
31160
12565
3545
3937
32075
33192
13325
21432
16809
2305
22146
10651
21053
3124
2012
13032
33285
1107
22630
10127
26089
5019
14039
2473
24868
21344
32703
3233
20976
12213
31616
14458
10934
22251
15218
32993
17008
128
2691
21601
28138
2136
10003
22714
1023
30961
31886
28559
24299
7209
29319
12337
20852
6449
20387
9949
22375
10462
1830
30172
1334
22871
10314
11926
12441
31857
23622
30265
16699
2640
3539
17247
25550
7855
7427
2379
8927
8555
10999
19907
27205
4295
15512
9315
21788
706
32468
29156
26783
26024
8134
15605
4625
8642
17150
29187
21759
16710
28060
18831
14424
26333
9463
5876
4991
4244
21338
28873
7351
13388
17531
25226
17296
6963
2144
13164
21673
12083
20033
11196
26678
8768
30561
10071
22766
949
3365
17869
2957
2525
1397
10862
26219
5289
11281
15438
1346
4418
30676
21916
2253
12841
12433
998
22010
23650
31825
31457
32542
13612
7827
7455
17235
3939
23369
26437
26845
5300
26390
19507
8955
25143
6674
774
7034
22148
4121
18726
9706
31279
11769
26720
8630
1109
4657
15677
10129
28012
24075
25192
25635
8251
30058
4236
19271
27973
15216
26894
5804
31618
26341
18431
811
29594
20978
29233
28473
16303
5694
26604
18174
8714
19093
13118
25711
681
19355
15332
27857
5920
9535
25370
17467
6447
935
16227
24530
24942
7207
7571
24993
21518
16923
28221
231
29813
25874
20358
5583
26961
4464
19384
8403
8871
15836
15444
27353
650
20739
7110
16697
16130
21179
8062
27732
19042
31859
9622
5645
9185
14665
11402
26839
10997
1262
30752
10242
7429
2377
21440
3945
6269
369
20200
3290
12517
12965
1603
10184
30333
11063
23774
32814
25698
20661
2716
21021
24009
31205
10155
3994
25228
3241
32771
40
13421
13853
21336
2401
30783
10946
22223
22584
1514
14858
23463
11374
4774
27043
121
25716
686
20048
28696
2698
24156
14907
27385
10819
15335
24290
6832
932
17460
32189
17316
591
24241
28226
7576
28581
22878
27881
4463
4811
8876
8404
9244
5223
2649
16690
24187
33379
3009
18605
26175
27735
27092
22552
15969
1265
30755
23312
96
12962
20207
32000
21835
13350
2370
31906
10624
10183
1604
13731
24778
33221
12171
32461
32813
3151
3627
32317
21750
10152
31202
23005
13854
25588
6518
47
32776
12266
23464
4998
27908
12723
20034
12084
13163
2143
22761
10076
30914
1056
14168
9688
5148
13502
13970
21215
2285
16989
20455
23540
11257
11982
31747
10417
15349
19489
4369
1437
10361
22804
31031
11286
18218
11521
32124
3414
3866
32683
29868
20323
12846
7978
16958
21563
18679
11140
23657
10700
13615
32937
32545
20742
312
25957
16472
4935
4547
8520
27270
9360
26397
14480
7033
16013
28763
6673
773
31508
5766
14746
11018
26051
4681
10658
19617
26727
5010
28015
24072
16765
7745
9416
15211
27506
4231
28806
13828
7483
24861
29234
816
1163
11703
20101
3191
29638
28078
16708
23807
10950
2417
7349
13390
20560
20912
6509
3257
29288
3521
3953
87
25548
12973
20216
3286
2361
13894
1274
30744
22931
33230
24769
32470
3140
17199
31565
31917
11075
10192
22122
27890
8867
27345
19435
14212
17307
25410
6480
25862
12459
7567
7915
28590
24250
9634
5653
27083
8074
15033
16681
2658
16126
24631
12038
25071
17766
20059
6030
28120
21619
28687
19085
30979
5682
14105
24526
16231
25366
14564
18503
10808
27433
15483
25184
6114
24063
8181
19606
27176
15661
5001
26091
14021
26736
18046
28465
16315
24402
25997
475
29582
9407
18855
18427
4220
22249
15200
27517
27965
4587
15576
19963
19511
4556
8531
11468
26853
9371
31178
5316
26386
14491
29553
29921
17584
21858
16811
16463
14757
5777
4690
1669
30359
7785
24715
16002
28772
17642
6662
12382
21900
2990
16949
7969
10370
1350
30660
23227
31020
9229
23580
11297
21113
13604
2624
11151
31441
1096
10711
27758
19028
8008
30577
1047
11180
5159
23697
14179
31490
12732
21665
5538
23551
19498
30116
10874
2294
21204
3373
12353
29643
6113
14026
18041
26096
14781
8186
30428
22188
1118
6572
29585
28810
24405
24877
7332
8995
19260
4580
27962
10559
1579
26350
18420
5815
5467
26381
14331
23378
4923
8536
8944
7444
16816
28314
3928
6204
25294
29554
17224
25533
25941
4697
27607
19177
9717
26047
765
29135
25152
16005
24712
7782
28775
2997
21575
21907
13262
12385
23587
9589
31780
23220
27499
22812
15429
32553
33313
2184
4068
19788
1091
22001
31446
23641
14608
11156
23137
11620
18119
31497
11187
27029
30902
1040
13175
21662
12735
3715
1386
27448
10873
1421
5298
23924
23556
18578
2946
11704
30826
30454
1164
22653
10144
21746
3631
12611
25658
30035
22595
1977
10525
17289
3250
33120
13346
13893
2366
80
20211
32016
378
31103
10253
22936
29149
12167
25689
16079
21797
22125
1612
23765
31910
18272
26970
11939
19840
4475
8412
2599
7912
24982
28597
29802
25865
587
20349
4014
27084
15793
18613
26163
5654
29011
12798
24636
16121
16686
7677
16657
17017
6790
14102
26615
15742
556
3308
25361
12328
2548
16591
24286
7216
13568
24521
15484
19344
15323
5931
9524
14911
9283
18504
8188
31266
20174
13023
2003
13784
14449
11317
31607
5469
15209
22995
24879
21355
2810
20967
12202
32064
20263
7838
21851
1201
10221
14498
11461
18358
20602
9719
26049
23717
8159
30885
8812
15380
4875
27497
15427
9220
31029
5992
26570
26902
9587
25817
6887
29402
29870
7512
16940
14606
5181
18661
19786
30208
4066
15046
28623
16153
633
29063
7605
22779
15097
8777
14170
9137
11189
16244
28946
28293
6383
25313
524
6424
18576
26206
9556
29631
20108
16701
7086
28071
4193
18033
26743
17287
25590
6972
5415
18452
14847
4980
8595
19564
4284
22938
15503
5363
25541
29954
17983
32018
29281
28366
13348
16416
7844
14722
26792
14085
8682
15162
4142
24760
2709
7057
32479
12822
25419
3802
32140
21507
2230
15829
4809
11937
23987
31055
24638
21166
20726
25078
12031
23633
11124
31393
10764
30274
30502
1795
139
20050
17019
2127
16659
21610
2680
9958
31723
11594
23283
31084
23956
33076
21271
13566
28548
32636
3306
20396
32191
20843
13058
28076
7726
17146
12618
26744
17955
29982
6507
407
17280
24802
7892
28417
28865
21489
7347
33129
4987
27565
4252
18827
18455
26325
14432
9303
18484
14344
18323
8931
4524
4956
15504
27213
21458
6271
371
17984
29286
25546
3288
29953
89
8122
27672
26795
17197
25680
17630
7050
13089
28700
24767
16070
2237
16549
3805
3477
12825
12457
23980
11542
26979
30612
10302
1485
12791
6748
29018
32281
33366
2656
24198
7108
30273
11684
23193
31841
31433
11123
23634
30505
2687
2120
12740
20057
1826
11234
11593
20436
3301
22181
1111
8628
19608
30386
13783
21094
13024
12664
1902
22992
1570
8249
10550
19269
26359
23407
24
25999
3582
2465
28819
21424
21856
13333
25948
12573
32063
8298
15578
22531
10226
22296
1206
4558
10581
12112
13752
2772
10647
1667
31517
18099
5995
31789
9580
19835
27337
15420
22469
8467
15387
28245
24222
24585
17375
25462
6880
29877
29405
3879
1098
19781
5186
14601
5621
9646
29064
6734
634
32928
24643
7174
24692
16622
142
17062
31339
18110
14177
15090
4717
8770
15737
10069
6851
29373
20838
17403
17871
16996
24554
24926
4376
30118
19496
27833
15356
5536
18903
11248
27647
4170
8117
18777
14710
5097
17605
6182
32839
725
28735
31698
23338
9336
15531
19556
15296
27581
25573
344
3968
6940
17512
29262
28385
16887
28850
24837
30009
8200
15992
4267
19220
5427
9440
11359
14407
24783
7713
16094
23788
26771
18001
9786
4606
15181
10178
1813
10441
23964
26248
3334
918
3493
20871
20403
33044
2574
21996
13926
14699
30530
21185
2115
21622
13135
3755
32265
12775
32513
3023
4028
31874
13585
21292
5209
26299
10337
22852
8389
30180
1317
22387
30627
20197
12127
30362
10672
31950
11795
7478
13306
12546
12934
31143
11821
30703
8978
1594
10213
19958
10565
30075
1545
23840
31635
32087
3210
11
13802
33160
31981
31254
22613
20146
25618
788
32894
3348
25486
24561
7983
13528
2508
19304
15363
14523
23918
26234
9916
24100
25740
17057
18682
8745
4722
8794
26684
14193
18653
14634
601
17086
7141
21128
5275
14255
26542
4847
19472
7952
24217
21549
29397
6360
17340
25457
21077
33270
32397
22162
20256
22503
22971
4918
1234
9898
11826
23896
23435
11322
1542
1930
7309
2457
13477
16
12237
1123
11743
3676
32346
17108
28038
21701
21238
24566
6863
25481
511
25326
20478
29341
5504
26594
14283
9911
26233
18931
4344
15364
27473
27801
6070
29720
7197
30939
4725
4082
15705
5165
9102
14145
26683
8034
28616
33328
12078
3058
6706
15860
19807
4840
8827
26545
26937
18592
14987
25450
17892
16507
24210
18770
27640
29172
1248
15291
30778
27221
15944
19923
5356
18311
9496
26461
5883
343
6243
29513
17263
25574
7403
28886
16423
2888
21818
28425
28382
7375
16880
17967
6292
392
6535
6947
23449
5420
27925
27557
15240
19580
4260
29604
16734
24023
16093
22668
23028
9781
31588
11098
23511
14558
31716
30156
1814
4338
21244
13553
24968
2573
2901
12313
20404
3494
15779
14139
11667
26189
32262
13132
2112
31873
18628
1771
30994
2205
30620
22855
10330
23267
27632
27195
4105
9085
5745
9722
17670
28740
16797
7010
14304
9896
5324
27253
15936
15544
19284
4916
27986
16451
28486
20258
6596
25974
29561
32729
18
3219
6547
6935
12239
7307
24397
33169
24842
28825
28457
8275
27957
5820
18415
18867
14472
26365
2038
7766
24051
28036
32348
6126
12658
6681
5033
18074
26704
19193
15653
19634
1866
1414
30124
5978
12361
2501
21591
13521
31305
1075
30545
22742
2160
13140
21657
32210
12700
20761
29058
3056
21121
33326
7148
30594
22793
28279
21540
2277
13982
29439
269
32107
19809
22827
22455
8829
3172
32442
12152
20645
2732
19699
4179
10607
11047
23750
28888
13373
6998
11426
11854
9498
4518
1246
10266
22903
27559
1942
23835
11350
26319
5389
9449
20552
13877
2382
21312
28859
2425
33115
22666
27138
19648
30813
8668
13064
32334
12183
3604
29333
20878
6811
6463
911
563
16203
24966
27873
19371
8884
18296
25735
17785
102
6002
26187
15777
1009
4021
27716
4786
674
7134
28664
24603
16114
14587
26537
14220
23269
4440
30189
22429
15812
27377
28205
25385
215
12819
25850
25422
17335
29445
29837
21002
3175
32445
5099
31550
9759
1187
22117
8119
1620
12534
29968
20584
32024
2881
21811
7878
22904
27228
10261
30771
8578
15298
18318
23491
31647
5429
11357
14409
23832
23440
1537
22200
10965
33112
13402
32752
3262
12242
20927
27698
4608
1156
15628
22661
5048
23021
11736
12623
2043
7583
24961
28906
28574
564
18291
5903
5571
18536
14551
23518
8356
27406
6005
17025
16665
24172
28115
4750
10789
15770
19717
18157
23179
11118
14646
18621
9601
18186
19061
27711
1778
7694
19400
27370
10339
8420
5207
31069
6312
24265
16900
7552
5742
9725
18705
8165
27635
24087
7017
20199
3109
757
12129
19956
27254
26414
5484
9891
6236
3568
32058
25501
17216
29914
28326
16824
24341
21369
16487
7300
25277
20529
17560
832
440
18860
18412
5455
10919
27950
15592
27285
8272
29671
20148
786
2798
27143
15654
19633
30868
19194
18073
5793
23564
4898
27808
22324
22483
30123
13526
16278
7258
21596
2974
17438
3346
22745
10052
1072
11612
23105
31302
12707
20010
28169
7639
24678
13631
17088
31806
1704
10724
3842
29399
3397
13985
24219
4849
1365
31015
17000
120
2699
24157
27042
4775
26602
14115
24944
7201
17461
12498
14906
26263
9941
9533
5554
10818
27851
4314
1838
19382
4462
27880
22879
5222
5585
3469
6337
32159
17317
6490
25872
590
12449
29467
29815
2229
8064
15784
4003
19044
15023
16691
656
32538
17776
13884
7388
1264
22921
31114
33220
21780
24779
25139
22644
1173
31203
17158
20111
32316
3626
2066
23817
10940
10295
28409
20902
3992
17539
32777
3247
27799
15729
22760
31327
11190
5149
31480
32232
3702
2142
21675
13162
31746
23541
11256
4368
1436
30106
19488
2951
33013
12896
20322
3867
12392
21562
16959
2255
10360
22805
22477
11952
26569
18219
31797
23590
31030
33304
12054
20743
3074
11141
23656
31451
30211
1721
19501
19973
15566
27271
22288
4934
11478
14326
26396
14481
9361
31168
29931
25283
313
16473
16801
24364
26050
5767
30349
4127
1679
28762
24705
7795
25145
29122
17683
28014
4651
22638
8191
14796
18056
14031
21899
16305
24412
25987
817
9865
18390
18437
14822
14450
15210
27975
31487
11630
10070
15089
30560
2145
20032
1396
27458
1431
11251
26218
23934
17868
13504
2956
33014
28989
2252
21917
21565
12395
32122
12432
25809
20325
11280
9599
31790
27489
1892
3073
21104
19798
10706
1081
31824
23651
14618
14486
5301
14321
8954
4541
8281
27276
7454
16474
6214
314
25951
4120
19167
15100
4687
14740
17655
29125
16015
24702
16763
24074
28013
14036
19611
22198
30438
29232
17930
17542
20979
25255
29595
6562
462
24867
24415
7322
27500
27972
10549
19270
4237
18842
14457
11309
9410
26895
7667
13119
29777
680
25710
31889
26605
4772
19092
19735
934
3318
12338
17466
33068
28556
15494
27383
4313
8374
15333
27424
9534
9293
18514
26264
5582
14205
9997
27352
27887
21519
24247
24992
230
19043
15024
8063
4004
15783
5644
16696
13356
21833
7428
17248
11403
14888
10243
8928
30753
3157
16069
2717
21787
22692
1602
10185
11062
31204
23003
30444
10154
2061
24008
32311
3621
22585
1967
30782
31665
5879
23462
17299
20577
25229
13387
33130
24469
29705
6055
155
7615
19747
15087
18107
9680
11199
9127
24931
28283
293
17414
534
6846
9546
1398
8306
4361
1349
15390
4865
27487
8470
10369
31039
23599
9597
18210
26912
11529
242
6342
29412
7502
2989
18671
11148
4076
1728
8011
27741
15056
7163
29073
184
25014
6084
20273
7828
13324
21841
33193
22281
1211
8528
30721
9368
23366
26438
11471
18729
23707
30340
8149
22147
19169
15678
30436
5018
21724
23410
5479
31617
18399
10547
15219
30057
1915
2472
21890
3595
12212
8
3232
30512
1022
22715
20040
32992
29779
7669
2137
2690
21600
23293
11223
23534
23946
1443
548
20386
20421
3812
21965
13200
2220
28589
1335
9999
11927
31045
23997
24628
32296
20736
12021
20091
31856
31424
23184
11693
10774
22063
30264
27204
4941
18334
18493
9314
14886
29536
32008
29291
3538
7381
7426
18755
14095
8692
4152
16067
24770
21789
33229
17627
29186
25646
28061
7096
9003
18023
28400
24815
17297
29240
14382
9810
14857
1969
22712
30967
2697
13110
24159
25719
689
10816
19888
14908
31093
20426
12331
12496
33061
16588
2923
2227
21962
28229
32157
3467
6339
239
12447
11920
26969
8879
10312
22877
19859
32944
29008
32291
20731
17778
2646
28648
30263
22064
10773
31851
11694
14881
26831
26443
4534
8553
15966
7853
21448
16873
24316
7386
29296
29943
99
29531
25556
4155
27662
31909
14092
6600
29150
13048
24001
7091
16716
2068
17156
25641
12608
29626
32318
29181
18783
19664
17537
17945
6517
25587
865
24460
2409
7357
8582
27907
27575
14850
14422
23819
9465
16195
7612
24125
152
17072
23689
31329
14167
15080
6433
17413
25304
294
7273
16986
16253
8301
19486
4366
5526
9933
9541
11258
18217
5985
9237
22479
4410
8805
24595
7505
16282
28980
25800
12849
990
245
6345
22018
15051
18676
26106
5196
14611
23658
5631
6083
6724
624
13323
12563
32073
3543
31166
5308
15568
22953
1216
4548
20615
12102
32860
22140
30892
30347
14749
11017
31507
5769
31271
23076
18058
8638
10686
19618
27168
13793
13034
32364
12674
30050
1912
22257
4599
9419
25989
3235
34
3592
2475
28809
21342
13455
12013
3794
32971
21144
11106
14658
31416
33085
13232
21525
21957
13595
25849
12472
12800
32162
23270
11915
30190
22842
22430
10480
22397
22893
30141
10823
10451
4488
23506
26258
6808
17828
9169
18149
11670
26639
22080
1010
30520
27079
10030
2105
13125
12765
20072
422
17970
16897
24827
28840
10509
27932
27540
9450
31659
18470
18802
14417
24793
16723
25674
9031
23798
5056
9796
1148
15636
15140
4160
28725
16055
28082
7075
14361
9481
19934
27236
8914
16434
7414
24484
25563
17274
29976
354
19003
5604
26694
26133
18643
17096
25026
28601
16171
21138
9202
14245
4425
4857
19810
7530
21559
16510
17885
6370
270
17350
20319
29356
12378
29883
3358
17381
6874
6406
13538
28516
7246
2518
27464
27816
8493
23908
9574
7180
24110
7627
29737
17047
32209
3739
14152
4732
8755
10575
10907
31182
11335
23385
12220
25269
32730
3200
21377
24429
2832
2440
33170
30876
13001
21716
32884
20156
6698
3117
12690
32855
17669
33267
7009
2757
10662
11785
31940
31532
2336
21401
6228
3904
32046
17208
29578
23881
11831
26693
9664
19004
27774
15063
2608
21698
17736
25021
29046
616
19465
22839
4385
27315
18225
14997
9205
12409
29855
17882
29380
7994
24904
28963
6401
6873
25491
29351
9573
14293
1878
4881
10858
25757
7620
24117
7187
21649
4735
30929
27002
15715
9112
5175
14155
9859
31185
23425
27949
24389
16339
32737
12580
29209
20530
30871
10113
32356
20151
21711
24739
12130
12697
3110
11782
23095
10665
1645
488
25518
3903
32041
24358
21406
10204
22513
30714
4908
27998
23353
9888
23886
33344
3034
9618
11101
8058
19078
32165
20362
29829
7939
21522
13235
30630
1300
30197
19419
22845
9279
11912
11216
14548
22341
22894
4328
21254
24978
20414
10037
22720
15769
8089
4749
1017
22087
30955
30527
14129
12762
21635
33395
13685
24820
24452
2849
17977
6957
18805
23459
14410
26307
5430
1289
19237
4270
25673
6144
16724
22678
15631
27126
8676
18016
23038
9740
11059
26010
15147
28085
24745
6632
25105
17612
29162
30768
27596
19933
15954
9321
26471
26803
353
17273
6986
29971
7861
24324
16433
2898
29048
20771
32904
3046
25788
13181
31811
13247
28269
29429
20310
17359
32117
22837
1372
8839
22333
10856
23901
14948
25338
21226
13943
24578
30927
30555
1065
22752
21647
3097
20007
25759
3209
825
33179
24387
7317
2449
28447
28835
13469
19990
4202
19245
27535
27947
9857
23859
26375
18877
18405
9382
28781
3668
17116
29666
5023
26714
19624
15692
27185
9095
5755
25177
17660
20629
21069
16020
18373
14314
9353
19941
4574
27996
2498
28331
7461
24883
28496
17201
25964
4031
4796
15011
22058
18191
9616
18636
23618
664
26955
14230
8845
22439
7545
6305
25395
25432
25840
17325
6473
6801
901
28563
27863
4326
11218
14934
14546
9501
9973
24165
7652
25725
17795
25082
26630
26197
19700
15767
22089
19239
10500
8219
1952
1520
5399
26309
18479
9459
17979
12255
12980
74
13867
21302
2392
2435
2847
23036
18018
23791
9038
19658
30471
30803
15198
12634
20123
32483
20684
32452
20655
2722
2085
30307
19689
10617
11057
28898
13363
21474
2896
21806
3503
12284
32794
12951
6988
31126
11391
31681
9488
27598
30766
10276
14656
9611
4036
7684
24614
29794
6763
15477
19862
4457
4825
1309
8842
30639
18250
9270
14590
5217
26287
29452
25435
24275
16562
7930
7234
24971
24503
6806
29483
17454
5913
18281
9506
14933
23508
18954
18526
4321
19366
27416
4486
27864
22348
25085
25722
17035
7655
24162
4740
8080
15760
27077
5100
9167
14120
18147
5439
11892
31657
19599
4279
33102
13860
12252
20937
20545
30804
4618
22671
11081
31236
23031
31591
12194
32323
20124
21764
13705
21012
2725
33215
20652
12145
18769
11050
31932
27659
22107
32793
12283
3976
3504
2891
16848
1984
27238
19548
1251
30761
31686
26478
23326
9328
11396
23481
2601
13621
12061
25028
31816
11174
10093
32110
29389
3387
12872
13995
13240
24209
4859
1375
30645
15879
31005
11515
23574
31773
10851
10423
4888
10384
1403
3883
17428
3356
508
32666
17049
3090
29739
169
32207
21640
13157
2177
7629
28832
28440
16330
21379
7310
29200
32099
822
6922
14817
18870
5445
15225
19997
8262
4205
25606
6696
29661
6131
24046
16751
15644
30878
19184
14004
5024
5752
9092
26065
4112
19155
7007
2759
6647
17667
27991
4573
15553
22968
19534
19946
9354
5333
326
6226
3578
25963
13318
24351
31551
31923
18778
23756
5098
30311
27648
10601
1186
19138
33204
32836
15299
1995
10260
27229
19559
31130
11420
20585
29969
12947
20222
21462
13403
33113
20926
23441
14408
11883
5428
15248
1291
10964
3602
10177
22660
27699
4609
23020
31580
9789
5049
14550
5902
26992
15310
8357
4330
24512
7225
21999
17445
17837
29335
565
6465
15771
26626
23178
14696
28114
16664
24173
7644
16112
24605
7695
672
9600
5667
18620
1779
30249
15007
19060
17333
25424
7553
16901
28203
4834
8853
30628
8386
19401
19873
31068
14581
13768
16036
28746
7016
33278
29106
25161
12128
6656
14763
26074
5743
15123
15684
29567
490
6590
17217
337
24340
2329
7805
24895
22979
8977
18365
5485
5454
14474
8273
15593
1938
27284
27523
27951
28823
24844
20528
29211
32088
4675
19632
27142
6687
787
28797
7760
28030
16740
2799
13280
2507
21230
6419
20470
29349
31762
23565
18939
4899
27809
10840
22325
178
3726
12706
3081
17058
16618
30543
22744
10053
31303
11613
23104
11165
31807
10725
10082
24679
21680
13197
25039
12070
32560
10891
3396
12411
7288
13251
13984
6651
29101
32398
25166
17671
16031
4104
8163
27633
9723
31958
18703
7470
28487
6230
330
20259
6597
9342
18362
9897
5482
4917
27987
8502
19285
27956
27524
8274
19981
15594
26364
18866
9846
17566
17914
12238
3218
6934
32728
24396
14012
31989
27145
13019
28790
7767
780
17107
3679
20805
30682
23910
5979
2161
20016
3086
25748
10085
32567
6709
29059
12077
7149
2617
14988
11971
11503
10896
30653
8828
22826
10343
13983
21541
13256
32106
29438
20301
3391
22111
1181
15158
10606
1626
4178
19698
23751
31556
5738
20644
32443
21004
33203
15539
1992
28889
20582
3512
32754
20553
17968
33114
13876
21313
30001
1943
10511
27558
1296
23834
26318
2045
21772
12625
23780
31220
11730
31587
30812
30159
8885
15317
27872
5577
9962
31719
11209
6810
29495
25355
17830
17442
28572
28900
7585
24967
24515
14691
26186
14136
18151
30538
22098
27061
28113
24174
16663
25093
103
25734
29753
17755
32969
29782
675
7135
4787
15000
4020
18180
9607
16574
25423
3838
23268
27376
30188
10498
8854
23084
31956
30364
22163
10674
24728
12686
20636
4919
1235
1592
11827
32050
20257
6599
25509
2320
21865
2487
7308
33166
32726
17
3216
12591
23846
31633
23393
10563
1543
1931
12657
32347
6129
3677
2790
21700
13017
2037
1685
1122
30860
30412
18930
9562
26595
14282
1869
4345
24915
24567
25480
6410
17397
4083
19763
14144
26653
29721
3088
20018
29086
6071
7147
2619
28617
17080
6707
32569
12079
26125
18655
3438
25451
8454
4433
15413
15861
22828
27304
26936
18234
28733
28094
7063
723
14716
18771
9751
15156
19696
8111
1628
17262
21819
28887
24492
19550
15945
15537
8902
4517
18814
15994
8206
22208
15241
19226
13878
846
393
25203
4600
27137
19647
18007
31589
26777
25662
17175
20405
20877
18299
23510
1815
15319
10447
32263
3753
12773
2113
21183
13133
21624
10781
22096
30536
30944
10026
15778
30291
5118
23171
11666
23607
11110
31400
9609
19069
30995
30240
13645
21152
33355
20712
32515
19408
27378
10331
30621
10496
18248
14588
31061
12464
12816
33093
21941
16908
13224
21294
13583
7928
724
17604
6183
7064
24753
16044
23758
14711
5096
28880
16382
7405
16857
16425
25900
5350
11389
26467
26815
27551
10518
19221
1538
19586
26311
5381
31648
5854
29263
25204
6533
16353
7373
14067
31229
5047
27130
19640
8660
24025
28042
7712
17172
17839
20870
32605
3335
6819
25889
21242
1460
1812
8359
23517
11200
13134
2114
13693
20063
32264
9178
10021
27068
1001
8738
15009
31875
31407
14649
20715
13642
5208
26298
31066
4448
1316
8388
10336
13584
2203
3831
3443
32173
12463
10673
31284
12126
29108
23890
22505
28329
2480
21862
12935
20985
3915
10
3211
20281
12231
20526
20954
13803
24438
1936
22273
31193
13010
3670
12650
31255
1682
22612
4342
8325
4897
15362
9565
9917
18545
23919
14522
517
6865
21599
33039
28975
5163
4723
8744
27014
19764
7636
7191
28166
29081
32218
176
3728
25741
29050
25790
17087
13199
7140
8795
27762
8032
18652
7286
16501
16973
21548
7521
25456
26931
18233
14981
5274
9213
19801
15866
15414
8453
18792
8655
19675
27105
7727
28077
32309
29190
25650
8234
19214
8593
27564
27916
5861
9474
23808
18454
874
6974
59
29983
25231
12278
17954
7346
16366
7893
7397
28360
7430
25547
29287
370
15505
15977
27212
19562
4957
8930
8542
17631
21038
16071
28701
27673
14083
5704
26978
11931
1323
21973
21501
28238
12824
20894
3476
228
22075
1742
31840
29019
6749
13677
2657
33367
28688
2686
21616
13101
12741
20056
1034
3300
20845
16599
30165
1455
10475
22362
5939
31725
23950
14919
31082
21732
21095
23067
26739
18049
14789
31260
30387
10130
27179
8629
30852
3583
6908
32714
13836
33154
22246
4588
10551
31177
26389
5319
11815
14339
23370
22297
4559
30737
22942
22530
30090
2312
21382
21857
33185
3552
30356
30883
31516
31964
5778
11006
32871
3133
3694
2773
33243
13753
7966
28991
16534
16946
29404
9226
5241
26904
26576
27491
4401
19834
16155
28625
15040
1099
22009
27757
14600
9696
18111
23698
27021
1048
27786
28153
16623
25774
17063
19330
10409
15357
1429
11249
18902
9922
17402
20839
25315
6385
16242
16997
32372
12662
2002
33295
21735
13022
30427
30380
8189
15669
10137
14029
2811
2463
3223
20966
5468
18388
14448
23873
22994
1576
1904
27269
22537
22945
30097
10587
8539
11812
26429
29929
3927
3555
13335
16819
33182
13492
2315
11001
23716
22156
27608
19178
30351
33244
20603
32876
3134
25816
17373
16533
24224
16294
7513
28996
10378
19441
1358
8813
8461
11538
26903
5246
28185
6095
6732
5180
11159
31449
27750
4067
30209
27781
19756
22778
11188
5151
23138
14171
31498
17064
25773
29714
24133
5530
9557
5297
14962
19490
15885
22319
27447
28292
16245
24552
13969
957
525
282
6382
17405
19672
4192
8652
4635
26742
25657
3199
29197
21749
26323
26484
9801
8594
10958
1978
24804
7341
13398
17521
17953
873
25591
29984
32019
17982
377
24300
7390
4950
10989
8545
15970
15502
19565
18482
5362
18325
14342
26827
21798
32478
25686
9764
26793
14723
4143
4808
27898
30614
22861
11544
3471
3803
6488
13211
11682
30275
33360
24639
21167
20080
12746
6038
138
32256
10013
1794
30503
31896
28549
13915
2547
24289
12327
20842
17479
29309
6459
23525
31085
23282
9959
10472
27849
30162
9060
5007
14027
22189
30429
27170
10139
7752
25182
17695
25625
17132
10558
4581
5466
18853
14834
26351
11318
29584
801
17553
24876
16313
28811
25295
26855
26380
8290
19965
15570
8945
25153
17644
6664
16004
19176
15111
4696
27606
26046
23718
5771
11944
11536
23221
14268
31781
15428
22813
2996
21906
25818
12851
10717
30207
4069
1737
32552
21115
13174
32224
3714
15098
8778
30571
27028
12880
3375
12355
17879
2535
2292
13515
1852
22317
10400
9559
5299
11240
23557
21747
13050
7089
24019
29199
20566
32761
13843
21326
2863
10524
30793
30034
23473
5868
31102
26829
8939
22545
7439
2367
21822
3527
6279
379
32017
12975
12507
22683
10194
22124
31911
32804
20671
17638
21796
21031
13726
28231
6321
221
586
25416
17301
23988
11938
26503
5593
14214
20729
29010
24190
16687
24637
4015
27085
19052
15035
31849
26162
18612
18164
26614
5684
5123
27054
15743
13108
16656
28126
7676
32258
15485
18505
14910
9525
5930
29307
12329
25360
557
24520
13569
28547
24287
3190
12617
13057
16709
28079
30820
10142
31212
23015
11702
21486
2864
21321
13844
28418
6508
9808
18828
23806
10284
15979
10980
11867
31105
3287
86
3520
29289
32010
21825
13340
23763
31564
10634
30324
10193
1614
13721
33231
13086
25128
32471
25411
29804
16934
28591
27344
15821
15453
27891
26976
9981
16127
33369
2659
7107
25070
12039
6747
32529
26165
9635
8075
27082
4764
8703
15744
27053
9143
131
6031
696
9950
9285
15482
8362
27432
15325
24280
16230
550
922
29300
17470
14020
26090
17135
25622
25185
6115
24062
7755
26356
14833
15201
4586
27964
8246
7493
28816
25243
17926
17585
25947
29920
7442
28312
16462
30739
19962
26387
14490
26420
11469
18350
7023
24714
6663
31518
18731
30358
1668
27601
8468
27338
22814
9228
11531
20494
29878
2991
21573
31832
26119
5189
18669
19029
13605
3065
32927
20752
12733
32223
12094
20783
3713
21664
22771
1046
27788
30576
23131
31336
5158
11181
23696
13960
21205
2940
16999
20837
20445
12352
3372
23550
11247
31757
1427
1855
19499
